# x1,	x2,	probability,	lower bound,	upper bound
1.0E-4,	1.0E-4,	0.03604452239256717,	0.0030997106773994476,	0.19487582355823718
1.0E-4,	0.020929166666666665,	0.047815551007422075,	0.006371352568554256,	0.19990893835492157
1.0E-4,	0.04175833333333333,	0.0627160775803366,	0.011329067283533445,	0.21605631305709777
1.0E-4,	0.06258749999999999,	0.07525790108760694,	0.015957784545220066,	0.23270810708764628
1.0E-4,	0.08341666666666665,	0.0784875671754422,	0.017139827736422752,	0.23765368482471078
1.0E-4,	0.10424583333333332,	0.06894074081132562,	0.013728876431351567,	0.22287926544091324
1.0E-4,	0.125075,	0.04998626360793701,	0.008010930293364305,	0.18900835245340025
1.0E-4,	0.14590416666666667,	0.029722424479595944,	0.0033570021368154457,	0.14478367058632047
1.0E-4,	0.16673333333333334,	0.01478634314714472,	0.0010336049834751004,	0.10184093715485665
1.0E-4,	0.18756250000000002,	0.006527129308889157,	2.544513989667374E-4,	0.0683035864272083
1.0E-4,	0.2083916666666667,	0.0028099632695368637,	5.787584532129797E-5,	0.04615009216417948
1.0E-4,	0.22922083333333337,	0.0013131182568081323,	1.4423469639202047E-5,	0.033295452000505044
1.0E-4,	0.25005000000000005,	7.275615566796345E-4,	4.566149293061539E-6,	0.02679008524132398
1.0E-4,	0.2708791666666667,	5.010904301617214E-4,	2.0081127341531335E-6,	0.02446009299126517
1.0E-4,	0.2917083333333334,	4.3000015325550534E-4,	1.2542671933846172E-6,	0.02511416562285984
1.0E-4,	0.3125375000000001,	4.4563408040204644E-4,	1.0785481024955246E-6,	0.028232508879690255
1.0E-4,	0.33336666666666676,	5.319248533774412E-4,	1.2021433593023545E-6,	0.033620230625450165
1.0E-4,	0.35419583333333343,	6.970226379629518E-4,	1.624651482734496E-6,	0.04116135344306032
1.0E-4,	0.3750250000000001,	9.654088209016254E-4,	2.5138806596380903E-6,	0.050740178338334774
1.0E-4,	0.3958541666666668,	0.0013821926491995318,	4.2791340605363715E-6,	0.062408798494313966
1.0E-4,	0.41668333333333346,	0.0020346810221950618,	7.842099736088404E-6,	0.07684540493881303
1.0E-4,	0.43751250000000014,	0.003106656554347609,	1.5343961092706415E-5,	0.09606353537257933
1.0E-4,	0.4583416666666668,	0.00499284600398886,	3.18803705851578E-5,	0.12420775450324928
1.0E-4,	0.4791708333333335,	0.008507303097988361,	6.939325726013079E-5,	0.16790854336562755
1.0E-4,	0.5000000000000001,	0.015163375328906603,	1.541058954504515E-4,	0.2347495551948111
0.08342916666666667,	1.0E-4,	0.04325537459583306,	0.005445833473646022,	0.18887750272995107
0.08342916666666667,	0.020929166666666665,	0.06728233230972547,	0.014092787476382485,	0.212438310772587
0.08342916666666667,	0.04175833333333333,	0.10104997485456474,	0.029860386551689322,	0.2519603323974841
0.08342916666666667,	0.06258749999999999,	0.13518551383882838,	0.04815221071268749,	0.294123875712649
0.08342916666666667,	0.08341666666666665,	0.1547833027545616,	0.05870872226414392,	0.32040820590334346
0.08342916666666667,	0.10424583333333332,	0.14881743868512376,	0.05421806901476328,	0.31640506606601226
0.08342916666666667,	0.125075,	0.11799830757382673,	0.037162124545930986,	0.2791080595020583
0.08342916666666667,	0.14590416666666667,	0.07554394733695813,	0.018196493869758745,	0.21802237879805741
0.08342916666666667,	0.16673333333333334,	0.03867640608762174,	0.006204902186953132,	0.15097953850739032
0.08342916666666667,	0.18756250000000002,	0.016261290962865216,	0.0015174880066377017,	0.09481353675191262
0.08342916666666667,	0.2083916666666667,	0.006072029767898779,	2.9737037539978584E-4,	0.05684086207358696
0.08342916666666667,	0.22922083333333337,	0.002268500627623349,	5.580699241725107E-5,	0.03495196878362972
0.08342916666666667,	0.25005000000000005,	9.604411771458876E-4,	1.2182055069809294E-5,	0.023639698371135942
0.08342916666666667,	0.2708791666666667,	5.047624410521312E-4,	3.6015527551391813E-6,	0.018393481440913628
0.08342916666666667,	0.2917083333333334,	3.417058065507961E-4,	1.5564781443155873E-6,	0.016624018548652253
0.08342916666666667,	0.3125375000000001,	2.9396092188588296E-4,	9.844679929593703E-7,	0.017101708586396036
0.08342916666666667,	0.33336666666666676,	3.0716767734884076E-4,	8.668686380941537E-7,	0.01931085145161754
0.08342916666666667,	0.35419583333333343,	3.689628316348448E-4,	9.894834420154375E-7,	0.023042603570857134
0.08342916666666667,	0.3750250000000001,	4.8550866959307104E-4,	1.366876696773378E-6,	0.02821422068567514
0.08342916666666667,	0.3958541666666668,	6.782901963848231E-4,	2.1694128620741715E-6,	0.03491497226562362
0.08342916666666667,	0.41668333333333346,	9.952518307637104E-4,	3.835360916526476E-6,	0.043714639470927574
0.08342916666666667,	0.43751250000000014,	0.0015451632048926744,	7.446295199609043E-6,	0.05626271844927222
0.08342916666666667,	0.4583416666666668,	0.0025801081196847875,	1.573964328638322E-5,	0.07618296530074042
0.08342916666666667,	0.4791708333333335,	0.004673361073939175,	3.564679291512274E-5,	0.11004614696889736
0.08342916666666667,	0.5000000000000001,	0.009031453366972197,	8.394846713766224E-5,	0.1671055109569356
0.16675833333333334,	1.0E-4,	0.04856922665733687,	0.0074230050944431025,	0.1889800151478015
0.16675833333333334,	0.020929166666666665,	0.08627942668615562,	0.022924130112995378,	0.2323078106737912
0.16675833333333334,	0.04175833333333333,	0.14443297002781313,	0.05546584049307918,	0.29902527194946416
0.16675833333333334,	0.06258749999999999,	0.21021679536092658,	0.09911351236650306,	0.3726967968759881
0.16675833333333334,	0.08341666666666665,	0.2595370063865262,	0.1339357518669782,	0.4279603628499156
0.16675833333333334,	0.10424583333333332,	0.2718513688674513,	0.14122159387227412,	0.44448822664276644
0.16675833333333334,	0.125075,	0.24043885017581224,	0.11608722222718293,	0.41488097032315097
0.16675833333333334,	0.14590416666666667,	0.17570217614383238,	0.07165238179096928,	0.34452560429053447
0.16675833333333334,	0.16673333333333334,	0.10292186311618745,	0.0314472264453029,	0.25135970353076853
0.16675833333333334,	0.18756250000000002,	0.04772765621390512,	0.00952680342793244,	0.16105919858556156
0.16675833333333334,	0.2083916666666667,	0.01815971486239698,	0.0020773752617178065,	0.09333419537917198
0.16675833333333334,	0.22922083333333337,	0.006237346720784631,	3.7233518819007605E-4,	0.0521595024140275
0.16675833333333334,	0.25005000000000005,	0.002209704527546985,	6.667734944371118E-5,	0.03053797886169346
0.16675833333333334,	0.2708791666666667,	9.166709994916089E-4,	1.4510875050499639E-5,	0.020135813446304884
0.16675833333333334,	0.2917083333333334,	4.8304505602775327E-4,	4.407974710574081E-6,	0.015538164071555949
0.16675833333333334,	0.3125375000000001,	3.305538445718681E-4,	1.977102311812029E-6,	0.014022189932699436
0.16675833333333334,	0.33336666666666676,	2.862334711877801E-4,	1.289080179545099E-6,	0.014377834865884731
0.16675833333333334,	0.35419583333333343,	2.981961598353955E-4,	1.1530136571069605E-6,	0.016099574016433027
0.16675833333333334,	0.3750250000000001,	3.5468383807929493E-4,	1.319574989167016E-6,	0.01900292713852364
0.16675833333333334,	0.3958541666666668,	4.6336748640130043E-4,	1.8199110209948799E-6,	0.02314215703744199
0.16675833333333334,	0.41668333333333346,	6.53277184629486E-4,	2.9048234957973484E-6,	0.02898852822826664
0.16675833333333334,	0.43751250000000014,	9.968741808379922E-4,	5.2484581511969E-6,	0.03789545495443081
0.16675833333333334,	0.4583416666666668,	0.0016700567987515402,	1.0590293682832819E-5,	0.05293156154234446
0.16675833333333334,	0.4791708333333335,	0.0030944110377340572,	2.3442276901819437E-5,	0.08007407607118172
0.16675833333333334,	0.5000000000000001,	0.006222545480090269,	5.522903335725138E-5,	0.12878751675825922
0.2500875,	1.0E-4,	0.04726161092505804,	0.0073454548599144465,	0.1829709581909954
0.2500875,	0.020929166666666665,	0.09356765977445897,	0.026322712029117512,	0.24184372554551414
0.2500875,	0.04175833333333333,	0.17203493835173045,	0.07220984389588259,	0.3325872640285269
0.2500875,	0.06258749999999999,	0.26941620361486773,	0.14256906118340396,	0.4363180272897995
0.2500875,	0.08341666666666665,	0.35399082066219867,	0.21083040463139807,	0.521694504825845
0.2500875,	0.10424583333333332,	0.3973770428804909,	0.24715565035333315,	0.5648129740932192
0.2500875,	0.125075,	0.38657059437134705,	0.23591003824718193,	0.5568484919346867
0.2500875,	0.14590416666666667,	0.3232272801248028,	0.1806242166441127,	0.49824568543047426
0.2500875,	0.16673333333333334,	0.22533755704309366,	0.10554634319070061,	0.3981982474217786
0.2500875,	0.18756250000000002,	0.12650003926625264,	0.04440694248596716,	0.27944278949102414
0.2500875,	0.2083916666666667,	0.05673178788918465,	0.013161188219479314,	0.17253160713863475
0.2500875,	0.22922083333333337,	0.02129659883985402,	0.0029055745396134314,	0.09729784966562066
0.2500875,	0.25005000000000005,	0.007419687466490521,	5.499081698660535E-4,	0.053820477310172754
0.2500875,	0.2708791666666667,	0.0027316532709009134,	1.0761549178311958E-4,	0.031705572765684975
0.2500875,	0.2917083333333334,	0.001189184524638176,	2.5913995101323195E-5,	0.02119983259067093
0.2500875,	0.3125375000000001,	6.523681295275141E-4,	8.595652623788475E-6,	0.016531637253885456
0.2500875,	0.33336666666666676,	4.5529478534722667E-4,	4.078424951203807E-6,	0.01490713425263085
0.2500875,	0.35419583333333343,	3.927419416704381E-4,	2.709188880123392E-6,	0.015086206530299517
0.2500875,	0.3750250000000001,	4.0071264665825224E-4,	2.392091314140643E-6,	0.01656235754200097
0.2500875,	0.3958541666666668,	4.650773328920832E-4,	2.654533488966049E-6,	0.0192497493472934
0.2500875,	0.41668333333333346,	6.006692363271227E-4,	3.5427338323512636E-6,	0.02351557986268976
0.2500875,	0.43751250000000014,	8.613429776676562E-4,	5.529454128738731E-6,	0.030518587849822365
0.2500875,	0.4583416666666668,	0.0013848764668806246,	9.915548637162708E-6,	0.04293345304595969
0.2500875,	0.4791708333333335,	0.0025078093847564764,	2.0055292920651002E-5,	0.06613425821707591
0.2500875,	0.5000000000000001,	0.005011086793154151,	4.4473069492512174E-5,	0.10912304077299845
0.3334166666666667,	1.0E-4,	0.03841521986284108,	0.005225865571676591,	0.1639763286896902
0.3334166666666667,	0.020929166666666665,	0.08309905492040737,	0.021502570203098703,	0.22801870670770685
0.3334166666666667,	0.04175833333333333,	0.1679366935758766,	0.06826022508812002,	0.33148100189405766
0.3334166666666667,	0.06258749999999999,	0.28558239624526405,	0.15289911064322237,	0.45676173912615425
0.3334166666666667,	0.08341666666666665,	0.4011401351133104,	0.2503445789891937,	0.5685216325605669
0.3334166666666667,	0.10424583333333332,	0.4788803236213291,	0.32227503433237964,	0.6388619859294967
0.3334166666666667,	0.125075,	0.5016497887931789,	0.34405473928855723,	0.6589843458475636
0.3334166666666667,	0.14590416666666667,	0.46637262474725677,	0.3092693596272633,	0.628974927915618
0.3334166666666667,	0.16673333333333334,	0.3791044631879303,	0.2286683509529006,	0.550756239509522
0.3334166666666667,	0.18756250000000002,	0.2607020651567743,	0.1322668685416597,	0.4338323055573422
0.3334166666666667,	0.2083916666666667,	0.14718947091238405,	0.05699310764078158,	0.30271754564214426
0.3334166666666667,	0.22922083333333337,	0.06832783109665758,	0.018143021960768058,	0.18861411004751716
0.3334166666666667,	0.25005000000000005,	0.02746255420907817,	0.004536876004507695,	0.10940968816103508
0.3334166666666667,	0.2708791666666667,	0.01051282902016304,	0.0010123934897562359,	0.06319737980692203
0.3334166666666667,	0.2917083333333334,	0.00427531024453548,	2.3584961665545912E-4,	0.03897545103978389
0.3334166666666667,	0.3125375000000001,	0.0020175565878541857,	6.586824997384388E-5,	0.026951340307206417
0.3334166666666667,	0.33336666666666676,	0.0011577524139881334,	2.4050393175323315E-5,	0.021266919902151682
0.3334166666666667,	0.35419583333333343,	8.12459106721064E-4,	1.1817717050721654E-5,	0.01897740659730396
0.3334166666666667,	0.3750250000000001,	6.832266887604188E-4,	7.707421424807404E-6,	0.018734609771581923
0.3334166666666667,	0.3958541666666668,	6.701418199256404E-4,	6.45033571977649E-6,	0.02005374732104448
0.3334166666666667,	0.41668333333333346,	7.525157543181171E-4,	6.691463037833412E-6,	0.02309380502791336
0.3334166666666667,	0.43751250000000014,	9.63810922244901E-4,	8.385473213468053E-6,	0.028829380829257234
0.3334166666666667,	0.4583416666666668,	0.0014174984227055543,	1.2474843607779285E-5,	0.039636893484321534
0.3334166666666667,	0.4791708333333335,	0.0023989376144096797,	2.1668577718347848E-5,	0.060370318204511
0.3334166666666667,	0.5000000000000001,	0.004573776518734807,	4.285147215571383E-5,	0.09937626768824653
0.41674583333333337,	1.0E-4,	0.02604069499215267,	0.0027223295886848464,	0.1344835620130993
0.41674583333333337,	0.020929166666666665,	0.05986666411023894,	0.012583023568614071,	0.19134695311850058
0.41674583333333337,	0.04175833333333333,	0.13333797269505548,	0.04724506688722335,	0.29139062335618715
0.41674583333333337,	0.06258749999999999,	0.25154308087852517,	0.12522077530430287,	0.4246521974426908
0.41674583333333337,	0.08341666666666665,	0.3863457611033217,	0.23537690455811672,	0.5570685160142971
0.41674583333333337,	0.10424583333333332,	0.49570428665936356,	0.3376508381267307,	0.654444212190918
0.41674583333333337,	0.125075,	0.5549287403052643,	0.3978074729385229,	0.7037698151955517
0.41674583333333337,	0.14590416666666667,	0.5584750506435229,	0.4019836615446041,	0.7062367887798936
0.41674583333333337,	0.16673333333333334,	0.5081485836912196,	0.3510494570202666,	0.6639772955558689
0.41674583333333337,	0.18756250000000002,	0.41122120449233934,	0.2588477029592395,	0.5785136669597744
0.41674583333333337,	0.2083916666666667,	0.28790051961557966,	0.15473865667463166,	0.45908556065318074
0.41674583333333337,	0.22922083333333337,	0.17089115608281508,	0.07247973359512039,	0.3286187587866685
0.41674583333333337,	0.25005000000000005,	0.08665661270553437,	0.026613197562143864,	0.2147085098766645
0.41674583333333337,	0.2708791666666667,	0.03926870097308166,	0.00806848234736457,	0.13292522731197903
0.41674583333333337,	0.2917083333333334,	0.01712337361716798,	0.002225745621582842,	0.08225681095630044
0.41674583333333337,	0.3125375000000001,	0.0077915692559172856,	6.27296567936142E-4,	0.05360059613429963
0.41674583333333337,	0.33336666666666676,	0.0039502336372442826,	2.0029231904605815E-4,	0.038123474219711406
0.41674583333333337,	0.35419583333333343,	0.0023179798479579516,	7.770600361284297E-5,	0.030031115477528958
0.41674583333333337,	0.3750250000000001,	0.0015936821305472249,	3.785014309615198E-5,	0.026158805574135857
0.41674583333333337,	0.3958541666666668,	0.0012806804752358292,	2.326163901200662E-5,	0.025023986216122118
0.41674583333333337,	0.41668333333333346,	0.001198239668253609,	1.7883858803691144E-5,	0.026251577844664697
0.41674583333333337,	0.43751250000000014,	0.0013094802777753878,	1.7018887659259185E-5,	0.03047388587095584
0.41674583333333337,	0.4583416666666668,	0.0016868762785279823,	1.9876934934104362E-5,	0.03971439685766287
0.41674583333333337,	0.4791708333333335,	0.00256913481083082,	2.8207111149480824E-5,	0.058307444044365664
0.41674583333333337,	0.5000000000000001,	0.004532625567093107,	4.767065103916668E-5,	0.09391676755585288
0.500075,	1.0E-4,	0.015236219792991001,	0.0010964733588849085,	0.10293316964050137
0.500075,	0.020929166666666665,	0.03540552968727684,	0.005370648151374058,	0.14403386352553932
0.500075,	0.04175833333333333,	0.08553293039829529,	0.023696480342603243,	0.22518373247927964
0.500075,	0.06258749999999999,	0.18188623331740117,	0.07698434859163844,	0.3479917761170559
0.500075,	0.08341666666666665,	0.31514403309288974,	0.17465185051237136,	0.4893486575207887
0.500075,	0.10424583333333332,	0.44690183392605637,	0.2906312292881153,	0.6120078464407123
0.500075,	0.125075,	0.5415755404294259,	0.3842962194613977,	0.6925263410652545
0.500075,	0.14590416666666667,	0.5856058021835758,	0.4311076554160468,	0.7277646586484569
0.500075,	0.16673333333333334,	0.5791760402034032,	0.42507315026114634,	0.7219029216937556
0.500075,	0.18756250000000002,	0.5258255265939424,	0.3704840855945466,	0.6772892823077129
0.500075,	0.2083916666666667,	0.4327053383524217,	0.2806054619873559,	0.5956340896404841
0.500075,	0.22922083333333337,	0.3165283057456808,	0.17953437356287105,	0.4849566066782893
0.500075,	0.25005000000000005,	0.20313165395317861,	0.09478811643297191,	0.36349176389156507
0.500075,	0.2708791666666667,	0.11498937265200959,	0.04123793648152607,	0.2532397108598838
0.500075,	0.2917083333333334,	0.059137491531177255,	0.015248957310517952,	0.16838985274826712
0.500075,	0.3125375000000001,	0.029016968476191562,	0.005097472758410659,	0.11090358061667155
0.500075,	0.33336666666666676,	0.014375102892166036,	0.0016677688198004637,	0.0751042754362139
0.500075,	0.35419583333333343,	0.007571159381699277,	5.784366774198579E-4,	0.05385089142778726
0.500075,	0.3750250000000001,	0.004408695754460956,	2.2720638214357436E-4,	0.04165226161951957
0.500075,	0.3958541666666668,	0.0029155359063945396,	1.0587093524128122E-4,	0.0351722699407202
0.500075,	0.41668333333333346,	0.0022349556366592638,	6.0240993886129246E-5,	0.032829691041483366
0.500075,	0.43751250000000014,	0.0020265010994829913,	4.260659651317278E-5,	0.03447332387079882
0.500075,	0.4583416666666668,	0.002217439211924188,	3.788201025645144E-5,	0.04150517089126643
0.500075,	0.4791708333333335,	0.0029569950312636206,	4.2509821931768776E-5,	0.057601263707696304
0.500075,	0.5000000000000001,	0.004726990513356677,	5.957770671488616E-5,	0.08971466663242739
0.5834041666666667,	1.0E-4,	0.008263922715727123,	3.789816324559214E-4,	0.07687848225540161
0.5834041666666667,	0.020929166666666665,	0.01799778014963549,	0.0017782209505927682,	0.10046327715489384
0.5834041666666667,	0.04175833333333333,	0.0448458091105447,	0.00870486935935133,	0.1547873034882123
0.5834041666666667,	0.06258749999999999,	0.10630195723022251,	0.034640691060969175,	0.24942698137702018
0.5834041666666667,	0.08341666666666665,	0.21230905622220103,	0.09879195237836452,	0.3788873687615303
0.5834041666666667,	0.10424583333333332,	0.3447525379407185,	0.20111854018885622,	0.5153869703823809
0.5834041666666667,	0.125075,	0.46641011860942977,	0.31133258632849536,	0.6268350623080452
0.5834041666666667,	0.14590416666666667,	0.5500776285972038,	0.39511979453922663,	0.6976712467582884
0.5834041666666667,	0.16673333333333334,	0.5878546424822197,	0.43529267436804414,	0.7280660950879201
0.5834041666666667,	0.18756250000000002,	0.581653007158922,	0.4293174131212887,	0.7225254779591068
0.5834041666666667,	0.2083916666666667,	0.5352961261544227,	0.3818108628152528,	0.6836422522481087
0.5834041666666667,	0.22922083333333337,	0.4545705048123631,	0.303041474592109,	0.6131079266929454
0.5834041666666667,	0.25005000000000005,	0.35121260222891393,	0.2103417711345636,	0.5164072332234559
0.5834041666666667,	0.2708791666666667,	0.24388562393952135,	0.1250359608337147,	0.4061184228488509
0.5834041666666667,	0.2917083333333334,	0.15185734364286535,	0.06296650097705275,	0.29921427832322656
0.5834041666666667,	0.3125375000000001,	0.0859063111058399,	0.027102785147123887,	0.20965609831666743
0.5834041666666667,	0.33336666666666676,	0.045477656617087026,	0.01031549459730241,	0.14319160071684284
0.5834041666666667,	0.35419583333333343,	0.023498962219607844,	0.003675016368575479,	0.09816412076191366
0.5834041666666667,	0.3750250000000001,	0.012434784095789797,	0.0013151948370919153,	0.0695806475613745
0.5834041666666667,	0.3958541666666668,	0.007070901407680796,	5.081016910536973E-4,	0.052478755014312206
0.5834041666666667,	0.41668333333333346,	0.004523642128701544,	2.2586474002783685E-4,	0.04338699423567871
0.5834041666666667,	0.43751250000000014,	0.0034014205155690203,	1.2165855572776607E-4,	0.04062350718773555
0.5834041666666667,	0.4583416666666668,	0.003125699822417116,	8.260654186181826E-5,	0.044417237069668714
0.5834041666666667,	0.4791708333333335,	0.0035958852623573234,	7.257910047520078E-5,	0.057460722719169854
0.5834041666666667,	0.5000000000000001,	0.0051406359958771075,	8.299666013794615E-5,	0.08587366511801081
0.6667333333333334,	1.0E-4,	0.004573914488380626,	1.297146105711522E-4,	0.05935729524806699
0.6667333333333334,	0.020929166666666665,	0.008563270394307765,	5.14439593586935E-4,	0.06871216189629797
0.6667333333333334,	0.04175833333333333,	0.020244204825334844,	0.0025026387246085413,	0.09839199759599049
0.6667333333333334,	0.06258749999999999,	0.050749452498680014,	0.01150303949106446,	0.15818960074251304
0.6667333333333334,	0.08341666666666665,	0.11568309922320558,	0.041295876420407995,	0.2553166649198481
0.6667333333333334,	0.10424583333333332,	0.22026793864435468,	0.10726713365966434,	0.38156095581252186
0.6667333333333334,	0.125075,	0.345371916969796,	0.20511270602599774,	0.5110913056430096
0.6667333333333334,	0.14590416666666667,	0.4590929942192,	0.3074650523483449,	0.6169998025891881
0.6667333333333334,	0.16673333333333334,	0.5392796563383323,	0.38636311348490593,	0.6865337748897846
0.6667333333333334,	0.18756250000000002,	0.5793104837996012,	0.42787999390361386,	0.7197280496565838
0.6667333333333334,	0.2083916666666667,	0.5805769806484784,	0.42950401844166786,	0.7205164977030031
0.6667333333333334,	0.22922083333333337,	0.5460031755031962,	0.39411577787335345,	0.6913733690755839
0.6667333333333334,	0.25005000000000005,	0.4792356828402495,	0.32828801794427304,	0.633260553964649
0.6667333333333334,	0.2708791666666667,	0.3875574822537478,	0.2437690311035029,	0.5488863889769774
0.6667333333333334,	0.2917083333333334,	0.2844800841929792,	0.15758783138164673,	0.4464063452257777
0.6667333333333334,	0.3125375000000001,	0.18762741191856908,	0.08689684039837908,	0.3397183092229171
0.6667333333333334,	0.33336666666666676,	0.11143347855050934,	0.0406480284839526,	0.24363263509285782
0.6667333333333334,	0.35419583333333343,	0.060791646076231165,	0.01646184779860982,	0.16769561599477273
0.6667333333333334,	0.3750250000000001,	0.03165802490803754,	0.006066904228152925,	0.11396612589014843
0.6667333333333334,	0.3958541666666668,	0.016598673982699652,	0.0021877924859962095,	0.07932254669377248
0.6667333333333334,	0.41668333333333346,	0.009324464329070525,	8.378248479480876E-4,	0.059079986191391654
0.6667333333333334,	0.43751250000000014,	0.005991056153674457,	3.685908046349162E-4,	0.04947376352860827
0.6667333333333334,	0.4583416666666668,	0.004680573132478327,	1.9934578003139025E-4,	0.04884040166001219
0.6667333333333334,	0.4791708333333335,	0.004646336714449917,	1.3964206867833617E-4,	0.058394359053142
0.6667333333333334,	0.5000000000000001,	0.0059055996645638875,	1.3035184169774006E-4,	0.08318509856274109
0.7500625000000001,	1.0E-4,	0.0028351353078315267,	5.079196662832741E-5,	0.0499076458847188
0.7500625000000001,	0.020929166666666665,	0.004248198184308827,	1.518085059165064E-4,	0.04935246090679424
0.7500625000000001,	0.04175833333333333,	0.008663283473608452,	6.395916013697267E-4,	0.061926836741228064
0.7500625000000001,	0.06258749999999999,	0.02102490683777064,	0.0030262628852789075,	0.09322875961653843
0.7500625000000001,	0.08341666666666665,	0.05184404641663076,	0.012898324249269066,	0.1526339111192352
0.7500625000000001,	0.10424583333333332,	0.11464807022643647,	0.04283764193381445,	0.24645672827885462
0.7500625000000001,	0.125075,	0.21338287953651647,	0.10546784656182528,	0.36750078761411326
0.7500625000000001,	0.14590416666666667,	0.3318676502119251,	0.1968385858655477,	0.49339544711004746
0.7500625000000001,	0.16673333333333334,	0.44282471339035906,	0.29446402299645613,	0.5997759997572678
0.7500625000000001,	0.18756250000000002,	0.5256454820224777,	0.3740966419238954,	0.6735289093879521
0.7500625000000001,	0.2083916666666667,	0.5723910882733301,	0.421685245153276,	0.7131170902135242
0.7500625000000001,	0.22922083333333337,	0.5826905336422639,	0.4326880912118415,	0.7214308083099112
0.7500625000000001,	0.25005000000000005,	0.5580003030698796,	0.4075694045881023,	0.7004183917882533
0.7500625000000001,	0.2708791666666667,	0.5001339022063426,	0.35009902378414015,	0.6501496133790219
0.7500625000000001,	0.2917083333333334,	0.4138179281272092,	0.2690671831331032,	0.571489391040871
0.7500625000000001,	0.3125375000000001,	0.3104827698992626,	0.18013383371997516,	0.4704615838953691
0.7500625000000001,	0.33336666666666676,	0.2082331812725851,	0.10247070681383486,	0.36034543519217277
0.7500625000000001,	0.35419583333333343,	0.12470432640810675,	0.04910947436172158,	0.2578384729990917
0.7500625000000001,	0.3750250000000001,	0.06805371197825505,	0.02025363673922409,	0.17557773152667727
0.7500625000000001,	0.3958541666666668,	0.035376476214641905,	0.007592664271401095,	0.11777344996199707
0.7500625000000001,	0.41668333333333346,	0.01868728499215866,	0.002801437777615212,	0.08178912964585444
0.7500625000000001,	0.43751250000000014,	0.010834879209000559,	0.0011119555111033241,	0.06255943515532109
0.7500625000000001,	0.4583416666666668,	0.007459461148647206,	5.16996208523135E-4,	0.05619157138209668
0.7500625000000001,	0.4791708333333335,	0.006500628964052069,	3.0294531238189704E-4,	0.06196247149477957
0.7500625000000001,	0.5000000000000001,	0.007364135996469345,	2.3563162898376788E-4,	0.08357721194509449
0.8333916666666668,	1.0E-4,	0.0020910071066009284,	2.521821251377787E-5,	0.04700672627637692
0.8333916666666668,	0.020929166666666665,	0.0024222270141963653,	5.28605857376685E-5,	0.039431157516678805
0.8333916666666668,	0.04175833333333333,	0.0039510415436654345,	1.703838360103127E-4,	0.041789021683391214
0.8333916666666668,	0.06258749999999999,	0.008419405768014587,	7.202676039452793E-4,	0.055466514829806746
0.8333916666666668,	0.08341666666666665,	0.0205670285594865,	0.003253237617872662,	0.0864017498725198
0.8333916666666668,	0.10424583333333332,	0.050121763926205765,	0.013065748994483928,	0.14386912735894974
0.8333916666666668,	0.125075,	0.10962552410020282,	0.041532040092438605,	0.23457388095027498
0.8333916666666668,	0.14590416666666667,	0.20380498793397572,	0.10041191749727352,	0.3530846488440625
0.8333916666666668,	0.16673333333333334,	0.31956634214545565,	0.1879414183137274,	0.47913851887311837
0.8333916666666668,	0.18756250000000002,	0.4317919022783153,	0.2850658103668947,	0.5887107441532538
0.8333916666666668,	0.2083916666666667,	0.5190287501995354,	0.36814230852990776,	0.6672055068523581
0.8333916666666668,	0.22922083333333337,	0.5711320343827891,	0.421090238958082,	0.7114477486028401
0.8333916666666668,	0.25005000000000005,	0.5860171376602948,	0.437067179086021,	0.7234200903836168
0.8333916666666668,	0.2708791666666667,	0.5641333740000002,	0.4149753492639742,	0.7046007872899935
0.8333916666666668,	0.2917083333333334,	0.506635965387265,	0.3577665331690241,	0.6545759955592279
0.8333916666666668,	0.3125375000000001,	0.4181507246420211,	0.274449538139966,	0.5738393193741252
0.8333916666666668,	0.33336666666666676,	0.31125939976927786,	0.18233290033066601,	0.4688913252522807
0.8333916666666668,	0.35419583333333343,	0.20625338814989408,	0.10267046301186411,	0.35476051175625495
0.8333916666666668,	0.3750250000000001,	0.1221781356483489,	0.049003930231345694,	0.2502366706994812
0.8333916666666668,	0.3958541666666668,	0.06665171145258669,	0.020492980523099946,	0.16884708189235875
0.8333916666666668,	0.41668333333333346,	0.035421217972281926,	0.008010356578679934,	0.11419259742000826
0.8333916666666668,	0.43751250000000014,	0.01979341358236608,	0.0031796699475251655,	0.08265763635559747
0.8333916666666668,	0.4583416666666668,	0.012663655848816457,	0.0013968396304427921,	0.06901404278962392
0.8333916666666668,	0.4791708333333335,	0.01001704862527858,	7.357533050149079E-4,	0.07062223529763423
0.8333916666666668,	0.5000000000000001,	0.010239598453055998,	4.969066293078472E-4,	0.08969607837975291
0.9167208333333334,	1.0E-4,	0.0018589571797810733,	1.648354727384893E-5,	0.04943374269928941
0.9167208333333334,	0.020929166666666665,	0.0016785153825731314,	2.387036264328568E-5,	0.03596342479573844
0.9167208333333334,	0.04175833333333333,	0.002119256492271626,	5.461069906059768E-5,	0.03211726447743157
0.9167208333333334,	0.06258749999999999,	0.0036841664964863963,	1.8222549061058801E-4,	0.03633701763407676
0.9167208333333334,	0.08341666666666665,	0.008119819742715473,	7.612912247078607E-4,	0.050854413019207345
0.9167208333333334,	0.10424583333333332,	0.020062622985802858,	0.003325879299760637,	0.08209439248979411
0.9167208333333334,	0.125075,	0.049025594908305714,	0.012972044579775799,	0.139692070111038
0.9167208333333334,	0.14590416666666667,	0.10761682986920956,	0.04072364350491814,	0.23078791906944457
0.9167208333333334,	0.16673333333333334,	0.20142712945717023,	0.09874779727475336,	0.35035971698401536
0.9167208333333334,	0.18756250000000002,	0.3182175744397923,	0.1866374089996733,	0.4780605075728077
0.9167208333333334,	0.2083916666666667,	0.4322711057244473,	0.2855403045610866,	0.5891156545006899
0.9167208333333334,	0.22922083333333337,	0.5205301201939827,	0.37010806279344755,	0.6680501467357581
0.9167208333333334,	0.25005000000000005,	0.5716753278930251,	0.4224813529695006,	0.7111787809899832
0.9167208333333334,	0.2708791666666667,	0.583226932591654,	0.4351633467306719,	0.7202401212637994
0.9167208333333334,	0.2917083333333334,	0.5557481579126551,	0.40747001673882743,	0.6965325394929899
0.9167208333333334,	0.3125375000000001,	0.49129800251477557,	0.3439373421020735,	0.6398703042660445
0.9167208333333334,	0.33336666666666676,	0.3968968880683182,	0.25653228756480184,	0.5522304187403642
0.9167208333333334,	0.35419583333333343,	0.28846815619486715,	0.1654068757762061,	0.4430445280987443
0.9167208333333334,	0.3750250000000001,	0.18774245420022695,	0.09135484930367394,	0.32995618293980056
0.9167208333333334,	0.3958541666666668,	0.11128517344196143,	0.04398719261779516,	0.23169912799996967
0.9167208333333334,	0.41668333333333346,	0.06273573102017083,	0.019371704764529707,	0.1592581711425008
0.9167208333333334,	0.43751250000000014,	0.035936795879057626,	0.008353519694334954,	0.11376543594450733
0.9167208333333334,	0.4583416666666668,	0.02265129394373011,	0.003794920304650784,	0.09112213409282666
0.9167208333333334,	0.4791708333333335,	0.01699016312103868,	0.001948424132810711,	0.08783360701586107
0.9167208333333334,	0.5000000000000001,	0.016022158316201185,	0.0012088864952376488,	0.10487232396748292
1.00005,	1.0E-4,	0.001933475172673671,	1.3838227660378788E-5,	0.056387307418969135
1.00005,	0.020929166666666665,	0.0014170892903519472,	1.4327785429701922E-5,	0.037013161407037976
1.00005,	0.04175833333333333,	0.0014028470673446147,	2.296324412393025E-5,	0.028645885489276435
1.00005,	0.06258749999999999,	0.0019333839580517043,	5.633773781005269E-5,	0.027674654127657627
1.00005,	0.08341666666666665,	0.0035940002943275484,	1.9415125460625626E-4,	0.033766970398264096
1.00005,	0.10424583333333332,	0.008262993141169073,	8.156807457476711E-4,	0.05009490262591104
1.00005,	0.125075,	0.020883990803184982,	0.0035493172119798744,	0.08387530028371354
1.00005,	0.14590416666666667,	0.051549374646321144,	0.013806227839286145,	0.14519255711698964
1.00005,	0.16673333333333334,	0.11334963980782914,	0.04331431155052018,	0.24060616546233798
1.00005,	0.18756250000000002,	0.21108546869336237,	0.10467224660368979,	0.3631876489213306
1.00005,	0.2083916666666667,	0.32998976980752814,	0.1958901482266483,	0.4906298759560705
1.00005,	0.22922083333333337,	0.44207072778907297,	0.29489351282845466,	0.5978175888489261
1.00005,	0.25005000000000005,	0.5241759021828407,	0.3746123688024627,	0.6703703545829067
1.00005,	0.2708791666666667,	0.5662892242845903,	0.4180521774241511,	0.7056593877393593
1.00005,	0.2917083333333334,	0.5671668544287265,	0.4197076618131479,	0.7057368519320426
1.00005,	0.3125375000000001,	0.528655712147172,	0.3813297093965604,	0.6721192216303337
1.00005,	0.33336666666666676,	0.4553604861867181,	0.31085379169045213,	0.6061018467993261
1.00005,	0.35419583333333343,	0.35825955721326114,	0.22391316424290386,	0.5130886253653625
1.00005,	0.3750250000000001,	0.255805522040343,	0.14118922267402717,	0.4060682508522431
1.00005,	0.3958541666666668,	0.16730190913366866,	0.07872067726238924,	0.3029150006398561
1.00005,	0.41668333333333346,	0.10337518810222884,	0.0402001203705632,	0.21865765977536833
1.00005,	0.43751250000000014,	0.06354507040566088,	0.019815554753035147,	0.1601644676762068
1.00005,	0.4583416666666668,	0.04149697963818999,	0.009954390042580419,	0.12733438333994657
1.00005,	0.4791708333333335,	0.030849631076148687,	0.005350577977788429,	0.11808928653303069
1.00005,	0.5000000000000001,	0.02761102905014906,	0.0032377665549481183,	0.13316091384378226
1.0833791666666668,	1.0E-4,	0.002228366360206735,	1.3989683459614266E-5,	0.06700833640506243
1.0833791666666668,	0.020929166666666665,	0.0014000123856865443,	1.1029570180842718E-5,	0.041388137865425056
1.0833791666666668,	0.04175833333333333,	0.001135705410469312,	1.285586542193462E-5,	0.0289788011330796
1.0833791666666668,	0.06258749999999999,	0.0012598697281199778,	2.2976892254500392E-5,	0.024613794822701707
1.0833791666666668,	0.08341666666666665,	0.0019267148916261023,	6.13460876090488E-5,	0.026241455729793806
1.0833791666666668,	0.10424583333333332,	0.0038787967182903893,	2.2392450312924694E-4,	0.03478262324537512
1.0833791666666668,	0.125075,	0.00938152585010138,	9.743901804494248E-4,	0.05452455732575784
1.0833791666666668,	0.14590416666666667,	0.024262907447073212,	0.004310393313428529,	0.09362939570136597
1.0833791666666668,	0.16673333333333334,	0.05981821961326733,	0.016724937698950226,	0.16207607129660967
1.0833791666666668,	0.18756250000000002,	0.12886631397199172,	0.05131119803467438,	0.2639346552169556
1.0833791666666668,	0.2083916666666667,	0.23226500784890497,	0.11928786134598923,	0.38810493844425303
1.0833791666666668,	0.22922083333333337,	0.350001189101358,	0.21303077348114707,	0.5100980315955342
1.0833791666666668,	0.25005000000000005,	0.45298857380920277,	0.3061697053384561,	0.606615450629677
1.0833791666666668,	0.2708791666666667,	0.5213225509471132,	0.3731323575506832,	0.6665894330198738
1.0833791666666668,	0.2917083333333334,	0.5485283561884213,	0.4012813472638824,	0.6893186903726936
1.0833791666666668,	0.3125375000000001,	0.5355784132532803,	0.38897782898984085,	0.6774517995350317
1.0833791666666668,	0.33336666666666676,	0.4865973725393306,	0.34139584027837167,	0.6336187677915046
1.0833791666666668,	0.35419583333333343,	0.40962140413942905,	0.26986647556080445,	0.5620540059938657
1.0833791666666668,	0.3750250000000001,	0.3184351153351792,	0.19126635236297757,	0.47173100596452294
1.0833791666666668,	0.3958541666666668,	0.2300479663457462,	0.12253188970574874,	0.3763979048072028
1.0833791666666668,	0.41668333333333346,	0.15780946977119015,	0.07288363540573617,	0.2903518954661677
1.0833791666666668,	0.43751250000000014,	0.10666882598502225,	0.04186538202103873,	0.22379402063240555
1.0833791666666668,	0.4583416666666668,	0.0745706900962953,	0.024079630413077424,	0.18162718367363473
1.0833791666666668,	0.4791708333333335,	0.05688844260368586,	0.014204603312174713,	0.16570039226160527
1.0833791666666668,	0.5000000000000001,	0.04972088301864047,	0.008811383235212356,	0.17834731355518602
1.1667083333333335,	1.0E-4,	0.0026856114873625714,	1.577437932903658E-5,	0.07989485762865295
1.1667083333333335,	0.020929166666666665,	0.0015243450639105816,	1.0159338127091466E-5,	0.04803513514767599
1.1667083333333335,	0.04175833333333333,	0.0010709460272627092,	9.183151758684893E-6,	0.03174407374474042
1.1667083333333335,	0.06258749999999999,	9.976739754320452E-4,	1.2409347133035542E-5,	0.024683656796059217
1.1667083333333335,	0.08341666666666665,	0.0012719908463361684,	2.5470303648578163E-5,	0.023580476380016202
1.1667083333333335,	0.10424583333333332,	0.0021889981968946093,	7.630157394844517E-5,	0.02791743620324788
1.1667083333333335,	0.125075,	0.004791107600345845,	3.0289615512740786E-4,	0.03987863153233234
1.1667083333333335,	0.14590416666666667,	0.01210200837988823,	0.0013805508741282502,	0.06493733786481004
1.1667083333333335,	0.16673333333333334,	0.03139307539956454,	0.0061284598997584094,	0.111850467527916
1.1667083333333335,	0.18756250000000002,	0.07497724582905563,	0.022870335208520776,	0.18899498565923128
1.1667083333333335,	0.2083916666666667,	0.15292069507478345,	0.06536011790899265,	0.29573524773388826
1.1667083333333335,	0.22922083333333337,	0.25892028747650897,	0.1396497114887605,	0.416263827251137
1.1667083333333335,	0.25005000000000005,	0.3683787906436904,	0.23024885198430417,	0.5262024496927404
1.1667083333333335,	0.2708791666666667,	0.4551659092002067,	0.309910364062159,	0.6067523419053175
1.1667083333333335,	0.2917083333333334,	0.5054278818760376,	0.35901545575558647,	0.6511044188965356
1.1667083333333335,	0.3125375000000001,	0.5168630578594368,	0.37101777051661006,	0.660461504249126
1.1667083333333335,	0.33336666666666676,	0.4929090586490248,	0.348225427743196,	0.6385423646993484
1.1667083333333335,	0.35419583333333343,	0.4402007814926756,	0.29853158261251717,	0.590063437765985
1.1667083333333335,	0.3750250000000001,	0.36890416863493636,	0.23435010362248815,	0.5219631751872315
1.1667083333333335,	0.3958541666666668,	0.29198652305517336,	0.17000293243458647,	0.4439240959287461
1.1667083333333335,	0.41668333333333346,	0.22163257873756315,	0.116432477832978,	0.36678855798858956
1.1667083333333335,	0.43751250000000014,	0.16538006657932164,	0.0775052159858498,	0.3004476828441223
1.1667083333333335,	0.4583416666666668,	0.12529358891563752,	0.05125408282551974,	0.2530140855409707
1.1667083333333335,	0.4791708333333335,	0.1000141499842499,	0.03377448854305615,	0.23118861001915547
1.1667083333333335,	0.5000000000000001,	0.08730219286021479,	0.02213670596516687,	0.24083458387692913
1.2500375000000001,	1.0E-4,	0.0032287824281386768,	1.8546840723610014E-5,	0.09303158586454191
1.2500375000000001,	0.020929166666666665,	0.0017261551038273981,	1.039196456997793E-5,	0.055658306753647746
1.2500375000000001,	0.04175833333333333,	0.0011054983462353007,	7.804137816480594E-6,	0.0358736455173414
1.2500375000000001,	0.06258749999999999,	9.095736194027482E-4,	8.458321559268178E-6,	0.026530906677914134
1.2500375000000001,	0.08341666666666665,	0.001001579632296301,	1.375602445574664E-5,	0.023495139965032663
1.2500375000000001,	0.10424583333333332,	0.0014840944074187012,	3.3385499244253936E-5,	0.025319943789748334
1.2500375000000001,	0.125075,	0.002863511061320323,	1.1414840878543053E-4,	0.03284180834185052
1.2500375000000001,	0.14590416666666667,	0.0067001090023591225,	4.914534785785962E-4,	0.049417335106844984
1.2500375000000001,	0.16673333333333334,	0.01716612033521575,	0.002281151864065356,	0.08137531997248754
1.2500375000000001,	0.18756250000000002,	0.04300700770294813,	0.009666646984239413,	0.13685092793587045
1.2500375000000001,	0.2083916666666667,	0.09575948496338232,	0.03274030440249037,	0.22058029257446427
1.2500375000000001,	0.22922083333333337,	0.1794275750933847,	0.08296521235574805,	0.326463998561053
1.2500375000000001,	0.25005000000000005,	0.28046212888921795,	0.15798171179377513,	0.4363810698219711
1.2500375000000001,	0.2708791666666667,	0.37432904829114566,	0.23742628562928736,	0.5294102220094544
1.2500375000000001,	0.2917083333333334,	0.4416300015446989,	0.2989390094339286,	0.5924216327377321
1.2500375000000001,	0.3125375000000001,	0.47488429113927094,	0.3308314920822127,	0.6223366809043192
1.2500375000000001,	0.33336666666666676,	0.4751914070029504,	0.33169259570960274,	0.6220206540215951
1.2500375000000001,	0.35419583333333343,	0.4478720878695343,	0.3062050794777188,	0.5966004288116243
1.2500375000000001,	0.3750250000000001,	0.4006834511645909,	0.2628097101200193,	0.5523299711664336
1.2500375000000001,	0.3958541666666668,	0.3430114550686064,	0.21209339601800942,	0.4962749113184856
1.2500375000000001,	0.41668333333333346,	0.28423563480675373,	0.16384116470721877,	0.43572542168602535
1.2500375000000001,	0.43751250000000014,	0.2316258125354851,	0.12374356988360102,	0.37807829799805476
1.2500375000000001,	0.4583416666666668,	0.1893063337873102,	0.09244281128695492,	0.3317632876369306
1.2500375000000001,	0.4791708333333335,	0.15879994068516817,	0.06754422016392791,	0.3069652783999529
1.2500375000000001,	0.5000000000000001,	0.14028339446633287,	0.04717657419796828,	0.3137582860603612
1.3333666666666668,	1.0E-4,	0.0037569952353077585,	2.1700318303674582E-5,	0.10424359566308494
1.3333666666666668,	0.020929166666666665,	0.0019468249604404075,	1.1113162959930367E-5,	0.06275651212129607
1.3333666666666668,	0.04175833333333333,	0.0011826905971332735,	7.361653169557503E-6,	0.04029142450957718
1.3333666666666668,	0.06258749999999999,	8.99307327808796E-4,	6.7986795626584495E-6,	0.029181097157489566
1.3333666666666668,	0.08341666666666665,	8.911322350551587E-4,	9.176467785143583E-6,	0.02473221138014725
1.3333666666666668,	0.10424583333333332,	0.00116537150340279,	1.8338067736545227E-5,	0.024910192578105728
1.3333666666666668,	0.125075,	0.001979203460628298,	5.271548977420215E-5,	0.029703166122333813
1.3333666666666668,	0.14590416666666667,	0.004162339074042731,	2.0144772222280283E-4,	0.041013922304135475
1.3333666666666668,	0.16673333333333334,	0.01001023259547168,	8.99212859137577E-4,	0.06297353921131377
1.3333666666666668,	0.18756250000000002,	0.02487209396021689,	0.00399251761186703,	0.101755428496067
1.3333666666666668,	0.2083916666666667,	0.05774376942606829,	0.01513884015741257,	0.16315819804724174
1.3333666666666668,	0.22922083333333337,	0.11647668714628856,	0.04429491439947386,	0.24740221290021053
1.3333666666666668,	0.25005000000000005,	0.19805641622474213,	0.09709305147839647,	0.34499329016603714
1.3333666666666668,	0.2708791666666667,	0.2860572926192403,	0.1643036433740861,	0.4392160939892903
1.3333666666666668,	0.2917083333333334,	0.36097364473065585,	0.2273076748506846,	0.5143698821694573
1.3333666666666668,	0.3125375000000001,	0.41082682580750673,	0.2717128888243416,	0.5623001650645958
1.3333666666666668,	0.33336666666666676,	0.4327966015763044,	0.29214117581149707,	0.5826287243804761
1.3333666666666668,	0.35419583333333343,	0.4298023112749799,	0.28972595433757864,	0.5794280516708901
1.3333666666666668,	0.3750250000000001,	0.4074478627386405,	0.26927185501291984,	0.5583498223628977
1.3333666666666668,	0.3958541666666668,	0.37239494877750484,	0.23770588100437456,	0.5249844550772103
1.3333666666666668,	0.41668333333333346,	0.33127582544386736,	0.20241095958904565,	0.48414802896030534
1.3333666666666668,	0.43751250000000014,	0.28973991572268964,	0.1688315541975804,	0.4405809309193509
1.3333666666666668,	0.4583416666666668,	0.25195528768505515,	0.13859634650943098,	0.40127376435572437
1.3333666666666668,	0.4791708333333335,	0.2207815763782227,	0.10982764334486672,	0.37764669474080986
1.3333666666666668,	0.5000000000000001,	0.1982752252751629,	0.08106977726198167,	0.382972065676659
1.4166958333333335,	1.0E-4,	0.0041756647740490704,	2.468870425170744E-5,	0.1118978448643107
1.4166958333333335,	0.020929166666666665,	0.0021336400287749746,	1.1968923953831201E-5,	0.06800626440503432
1.4166958333333335,	0.04175833333333333,	0.001263275575753453,	7.31984500529359E-6,	0.043981179652074265
1.4166958333333335,	0.06258749999999999,	9.190292529336896E-4,	6.0595395527940354E-6,	0.03179728736451115
1.4166958333333335,	0.08341666666666665,	8.4984827759782E-4,	7.1072750701950405E-6,	0.02643718706088033
1.4166958333333335,	0.10424583333333332,	0.0010101099263706836,	1.2033205226302801E-5,	0.025522230052567263
1.4166958333333335,	0.125075,	0.0015293551487551849,	2.9047327636255726E-5,	0.028511720592160172
1.4166958333333335,	0.14590416666666667,	0.0028597347620510916,	9.494473303217621E-5,	0.0363436155537083
1.4166958333333335,	0.16673333333333334,	0.006239318015906992,	3.811186666156652E-4,	0.05150128499279821
1.4166958333333335,	0.18756250000000002,	0.014648002907750313,	0.0016375943875978627,	0.07805080806284537
1.4166958333333335,	0.2083916666666667,	0.033776144770831906,	0.006484546423026927,	0.12072973552821348
1.4166958333333335,	0.22922083333333337,	0.07070594185340406,	0.020958958254726934,	0.182263418451989
1.4166958333333335,	0.25005000000000005,	0.12823936777600498,	0.052008140593440666,	0.25984623218995107
1.4166958333333335,	0.2708791666666667,	0.19945658033570057,	0.0993555802447183,	0.34388044601486245
1.4166958333333335,	0.2917083333333334,	0.27033486450646105,	0.15273117316708873,	0.42120521007597395
1.4166958333333335,	0.3125375000000001,	0.3280673436455107,	0.1996175997866313,	0.4810476879634671
1.4166958333333335,	0.33336666666666676,	0.36616430467140815,	0.23225390844451893,	0.5188968389129305
1.4166958333333335,	0.35419583333333343,	0.3840462377898961,	0.2482634645097747,	0.5359448554754238
1.4166958333333335,	0.3750250000000001,	0.38452976774958036,	0.24882878282543847,	0.5362415616631989
1.4166958333333335,	0.3958541666666668,	0.3717614255788102,	0.23738423594963448,	0.524064940348774
1.4166958333333335,	0.41668333333333346,	0.35002580574646563,	0.2185662518667396,	0.5026102316050669
1.4166958333333335,	0.43751250000000014,	0.32316463115650357,	0.19647056996399015,	0.4747083052634805
1.4166958333333335,	0.4583416666666668,	0.2944598475707225,	0.17249601682505467,	0.4457301036036481
1.4166958333333335,	0.4791708333333335,	0.2668828361652423,	0.14452573567943156,	0.42687680651775944
1.4166958333333335,	0.5000000000000001,	0.24341532430737733,	0.11090721014915017,	0.4328985594239307
1.5000250000000002,	1.0E-4,	0.004441886803375705,	2.72896416230739E-5,	0.11547982969201503
1.5000250000000002,	0.020929166666666665,	0.0022577309969928905,	1.2818342789544523E-5,	0.07074041178176826
1.5000250000000002,	0.04175833333333333,	0.0013242723797006195,	7.468042739933178E-6,	0.04628083229003277
1.5000250000000002,	0.06258749999999999,	9.434733287073671E-4,	5.750307630669749E-6,	0.0337673774131555
1.5000250000000002,	0.08341666666666665,	8.367881956655721E-4,	6.082779937688354E-6,	0.02800619618244482
1.5000250000000002,	0.10424583333333332,	9.279090457681716E-4,	8.98100028157156E-6,	0.02643718465928857
1.5000250000000002,	0.125075,	0.0012747804561450415,	1.8393627690016512E-5,	0.028194989324089703
1.5000250000000002,	0.14590416666666667,	0.002123229539891025,	5.054633052359314E-5,	0.03358440351832653
1.5000250000000002,	0.16673333333333334,	0.004125861900247885,	1.7403145765765293E-4,	0.04395162815367565
1.5000250000000002,	0.18756250000000002,	0.008825211741309957,	6.752477085223418E-4,	0.06169313328968812
1.5000250000000002,	0.2083916666666667,	0.019319512313975107,	0.0025939621322108586,	0.08997748560082625
1.5000250000000002,	0.22922083333333337,	0.04025666745915951,	0.008729073821541922,	0.13167324884428577
1.5000250000000002,	0.25005000000000005,	0.0756346508806946,	0.023705063907924318,	0.18740299459139448
1.5000250000000002,	0.2708791666666667,	0.12490375016770155,	0.05065242931155828,	0.2536416429570363
1.5000250000000002,	0.2917083333333334,	0.18149521067113072,	0.08710369972540166,	0.32255888314630915
1.5000250000000002,	0.3125375000000001,	0.23610122143475643,	0.12614422781352702,	0.38476424321469754
1.5000250000000002,	0.33336666666666676,	0.2812520449487045,	0.16093735788154023,	0.4334334614631705
1.5000250000000002,	0.35419583333333343,	0.3133025331931466,	0.18711043247712106,	0.46635858456248147
1.5000250000000002,	0.3750250000000001,	0.331806091802872,	0.20274915331708265,	0.4848353846767283
1.5000250000000002,	0.3958541666666668,	0.33807381825323396,	0.20800087663548522,	0.4911943877561029
1.5000250000000002,	0.41668333333333346,	0.3340659169356198,	0.20465863919077115,	0.48710402028038696
1.5000250000000002,	0.43751250000000014,	0.32187614121446695,	0.1949508670993147,	0.4740383603942754
1.5000250000000002,	0.4583416666666668,	0.30371752497114024,	0.17944254172914542,	0.45621073239938376
1.5000250000000002,	0.4791708333333335,	0.2822224873122979,	0.15573022017728982,	0.44419515607153526
1.5000250000000002,	0.5000000000000001,	0.2607339658571335,	0.12221774804466029,	0.4529558295803996
1.5833541666666668,	1.0E-4,	0.00459644939699877,	2.9867243279357858E-5,	0.11590005504247175
1.5833541666666668,	0.020929166666666665,	0.0023329855065173377,	1.3799950023707375E-5,	0.07131735587806598
1.5833541666666668,	0.04175833333333333,	0.0013675606475919144,	7.81340386485363E-6,	0.04722134800631028
1.5833541666666668,	0.06258749999999999,	9.675934897677152E-4,	5.73217088739586E-6,	0.03495660193894773
1.5833541666666668,	0.08341666666666665,	8.381967374486154E-4,	5.612181263436877E-6,	0.029217500772825256
1.5833541666666668,	0.10424583333333332,	8.844489032517888E-4,	7.396326853315038E-6,	0.027348069788120766
1.5833541666666668,	0.125075,	0.0011213444843458098,	1.3030561565374743E-5,	0.028279403290070337
1.5833541666666668,	0.14590416666666667,	0.001677313344407072,	2.9984244266645366E-5,	0.03190453537639626
1.5833541666666668,	0.16673333333333334,	0.002884986694460634,	8.606498807423035E-5,	0.038832883198681944
1.5833541666666668,	0.18756250000000002,	0.005493473472087673,	2.8595891929500405E-4,	0.05033299488115167
1.5833541666666668,	0.2083916666666667,	0.011003218280195681,	9.952291112308442E-4,	0.06826196209980112
1.5833541666666668,	0.22922083333333337,	0.02188535824673493,	0.003259636662416854,	0.09474188774473491
1.5833541666666668,	0.25005000000000005,	0.04105634063633973,	0.009207935705082437,	0.13136418873429084
1.5833541666666668,	0.2708791666666667,	0.07021518588959719,	0.021426433805563194,	0.17794125091754398
1.5833541666666668,	0.2917083333333334,	0.10810253428840705,	0.04100314507273295,	0.23141262881494407
1.5833541666666668,	0.3125375000000001,	0.1505229855066474,	0.0663299048586557,	0.28614215689952704
1.5833541666666668,	0.33336666666666676,	0.1922102615806971,	0.09400896065098202,	0.33611292032611706
1.5833541666666668,	0.35419583333333343,	0.22875540967255403,	0.12031381324573365,	0.37733626301139966
1.5833541666666668,	0.3750250000000001,	0.25736075421099425,	0.1420156513908033,	0.4083855991387456
1.5833541666666668,	0.3958541666666668,	0.2766313222490453,	0.15694932811458628,	0.42909397294540574
1.5833541666666668,	0.41668333333333346,	0.28613066901690887,	0.16441235903520884,	0.4392131002750642
1.5833541666666668,	0.43751250000000014,	0.28615266397056616,	0.16465640441613105,	0.43887575518231825
1.5833541666666668,	0.4583416666666668,	0.2778038695507278,	0.157206709312872,	0.4314233789955855
1.5833541666666668,	0.4791708333333335,	0.26328424229448755,	0.1396067428641976,	0.426842776842248
1.5833541666666668,	0.5000000000000001,	0.24607462236563038,	0.11078536429961677,	0.43981952126301405
1.6666833333333335,	1.0E-4,	0.004774667381056641,	3.355413507066807E-5,	0.11562254861088467
1.6666833333333335,	0.020929166666666665,	0.002427620501673944,	1.5426634361215275E-5,	0.07133865979043469
1.6666833333333335,	0.04175833333333333,	0.0014291820601869398,	8.596331795784895E-6,	0.0477964052549949
1.6666833333333335,	0.06258749999999999,	0.001011877970816033,	6.094745814866354E-6,	0.03598746534729469
1.6666833333333335,	0.08341666666666665,	8.652597821540708E-4,	5.611001369199009E-6,	0.030482845384599777
1.6666833333333335,	0.10424583333333332,	8.80180242297246E-4,	6.708129923482797E-6,	0.02854136107301497
1.6666833333333335,	0.125075,	0.0010439476314421658,	1.0298996365065705E-5,	0.028942733115279784
1.6666833333333335,	0.14590416666666667,	0.0014171544929501012,	1.9920726697819635E-5,	0.03130711613316173
1.6666833333333335,	0.16673333333333334,	0.0021622942467692807,	4.707409692483733E-5,	0.035794491886814106
1.6666833333333335,	0.18756250000000002,	0.0036255144177753107,	1.2944139552489853E-4,	0.04300134369584996
1.6666833333333335,	0.2083916666666667,	0.0064760568144887065,	3.8652786725423827E-4,	0.05392849961847951
1.6666833333333335,	0.22922083333333337,	0.011852786883551736,	0.0011547425495058161,	0.0699062776565732
1.6666833333333335,	0.25005000000000005,	0.021337787034765854,	0.003193526758984433,	0.09233323763045925
1.6666833333333335,	0.2708791666666667,	0.036514453083960396,	0.007744804035571817,	0.12209544929944999
1.6666833333333335,	0.2917083333333334,	0.05815361516346135,	0.01612258976196801,	0.15875937898655557
1.6666833333333335,	0.3125375000000001,	0.08556737000099263,	0.02898619115919665,	0.2001104395898397
1.6666833333333335,	0.33336666666666676,	0.1166491766783232,	0.04588138489866167,	0.24270142205154677
1.6666833333333335,	0.35419583333333343,	0.14847409603307787,	0.06521579673976691,	0.2831198294624272
1.6666833333333335,	0.3750250000000001,	0.17794574338086844,	0.08452572437185507,	0.31875393104547056
1.6666833333333335,	0.3958541666666668,	0.2022288341323556,	0.1011274819107742,	0.34744796993892824
1.6666833333333335,	0.41668333333333346,	0.21906539279446757,	0.11297310257695975,	0.366988661563513
1.6666833333333335,	0.43751250000000014,	0.2271267633473456,	0.11884639669888836,	0.37603467887764336
1.6666833333333335,	0.4583416666666668,	0.22641597934205404,	0.11738185067909529,	0.3770540095437461
1.6666833333333335,	0.4791708333333335,	0.21860945731855552,	0.10621129244371241,	0.3794732399671966
1.6666833333333335,	0.5000000000000001,	0.20709580654374227,	0.08480826611326742,	0.39756993170864935
1.7500125000000002,	1.0E-4,	0.0052200543212967965,	4.0603541412498334E-5,	0.11880284089397825
1.7500125000000002,	0.020929166666666665,	0.0026787004248719493,	1.8810745181396804E-5,	0.0738339895103372
1.7500125000000002,	0.04175833333333333,	0.001592401646498709,	1.0421430135798548E-5,	0.05019531584371223
1.7500125000000002,	0.06258749999999999,	0.0011332181534863817,	7.202448897181135E-6,	0.03851396744740471
1.7500125000000002,	0.08341666666666665,	9.614425831729334E-4,	6.290445220658025E-6,	0.03314096580394088
1.7500125000000002,	0.10424583333333332,	9.496823400950705E-4,	6.892374707079263E-6,	0.031174629101471896
1.7500125000000002,	0.125075,	0.0010638739276588316,	9.323666415705922E-6,	0.031224649388539527
1.7500125000000002,	0.14590416666666667,	0.0013243750407183619,	1.5287708219902107E-5,	0.03270241411000796
1.7500125000000002,	0.16673333333333334,	0.0018060580508036939,	2.973849874571277E-5,	0.0354982831858216
1.7500125000000002,	0.18756250000000002,	0.002664951493358547,	6.663281164742685E-5,	0.039849781305117626
1.7500125000000002,	0.2083916666666667,	0.004190053611538569,	1.6484979507536135E-4,	0.0462897253832536
1.7500125000000002,	0.22922083333333337,	0.006871903364124188,	4.264692149912874E-4,	0.05560668258827989
1.7500125000000002,	0.25005000000000005,	0.011449518121677105,	0.0010881912270682137,	0.06874724924134146
1.7500125000000002,	0.2708791666666667,	0.018858828870960243,	0.0026053193427245103,	0.08658239607573015
1.7500125000000002,	0.2917083333333334,	0.030016190136110232,	0.005669529789677608,	0.10952857370350161
1.7500125000000002,	0.3125375000000001,	0.045471315292709646,	0.011071642960586658,	0.13719881028367686
1.7500125000000002,	0.33336666666666676,	0.06507032651303007,	0.019392407308940762,	0.16836854667180945
1.7500125000000002,	0.35419583333333343,	0.08775669202823877,	0.03058267405727716,	0.2012680966462445
1.7500125000000002,	0.3750250000000001,	0.11156055758954908,	0.04363009832528475,	0.23376286580586375
1.7500125000000002,	0.3958541666666668,	0.1338232476847112,	0.05668316390739958,	0.2631202089878114
1.7500125000000002,	0.41668333333333346,	0.1517197005914464,	0.0677066813409184,	0.28600954075938195
1.7500125000000002,	0.43751250000000014,	0.16303082375098032,	0.07497518848515611,	0.2999833789386266
1.7500125000000002,	0.4583416666666668,	0.16693982877735414,	0.07672108658184529,	0.30671630461888977
1.7500125000000002,	0.4791708333333335,	0.16455378722148145,	0.07077688710322638,	0.31497523821084117
1.7500125000000002,	0.5000000000000001,	0.15886640791572693,	0.05689631529730216,	0.33838242081104875
1.8333416666666669,	1.0E-4,	0.00635747561271871,	5.557464759781139E-5,	0.13168917603231445
1.8333416666666669,	0.020929166666666665,	0.003348704316783524,	2.6400010385785322E-5,	0.08376559927440069
1.8333416666666669,	0.04175833333333333,	0.002030749199506132,	1.4721154576569084E-5,	0.058329423223579036
1.8333416666666669,	0.06258749999999999,	0.0014591029456638704,	9.997964885988253E-6,	0.04575228592885644
1.8333416666666669,	0.08341666666666665,	0.0012305848598860858,	8.337598584207129E-6,	0.03998674186616075
1.8333416666666669,	0.10424583333333332,	0.001183602540667239,	8.437232570990272E-6,	0.03778758672937027
1.8333416666666669,	0.125075,	0.0012598932588638312,	1.016197249575912E-5,	0.03748821860560925
1.8333416666666669,	0.14590416666666667,	0.0014520643028543834,	1.4298320507810658E-5,	0.03827603337738261
1.8333416666666669,	0.16673333333333334,	0.0017893075040139594,	2.3125795816869577E-5,	0.039853018745587776
1.8333416666666669,	0.18756250000000002,	0.0023420596595816745,	4.2276775669258804E-5,	0.04227561875205893
1.8333416666666669,	0.2083916666666667,	0.003239846620300968,	8.544843413954561E-5,	0.045861917332381374
1.8333416666666669,	0.22922083333333337,	0.004700116452458825,	1.8529774724462822E-4,	0.05111833700189716
1.8333416666666669,	0.25005000000000005,	0.007061721274843835,	4.157470355981019E-4,	0.05865975189063294
1.8333416666666669,	0.2708791666666667,	0.010805659839141224,	9.299336178514306E-4,	0.06910114583260696
1.8333416666666669,	0.2917083333333334,	0.016532998995942738,	0.0020083368163146265,	0.08291731997067592
1.8333416666666669,	0.3125375000000001,	0.024865469566544562,	0.0040874403326232045,	0.10031095107309779
1.8333416666666669,	0.33336666666666676,	0.036244316385531716,	0.007701070300199175,	0.12114312487594059
1.8333416666666669,	0.35419583333333343,	0.0506335062026082,	0.0132492566063655,	0.14487797309622813
1.8333416666666669,	0.3750250000000001,	0.06720752899126414,	0.02062335973560525,	0.17034795669758457
1.8333416666666669,	0.3958541666666668,	0.08422253364061605,	0.028982206513144926,	0.1953171338182486
1.8333416666666669,	0.41668333333333346,	0.09931373565223439,	0.03697175455635765,	0.21652568449831838
1.8333416666666669,	0.43751250000000014,	0.11026952496431597,	0.04310605132296724,	0.2313325519762482
1.8333416666666669,	0.4583416666666668,	0.1159885070918667,	0.04574749228890307,	0.24102805632408375
1.8333416666666669,	0.4791708333333335,	0.11714123817894107,	0.0431196190766468,	0.25359459951048285
1.8333416666666669,	0.5000000000000001,	0.11615119162958465,	0.03508721964167011,	0.2815932682126345
1.9166708333333335,	1.0E-4,	0.009017093134524978,	8.873426779454352E-5,	0.16336333776207101
1.9166708333333335,	0.020929166666666665,	0.005009661902504126,	4.4221374314479256E-5,	0.10934216552308118
1.9166708333333335,	0.04175833333333333,	0.0031526609739284117,	2.5253542420056174E-5,	0.07931941868772169
1.9166708333333335,	0.06258749999999999,	0.002303807094666155,	1.706054721484218E-5,	0.06394731802861087
1.9166708333333335,	0.08341666666666665,	0.0019344763689796984,	1.3712895187423246E-5,	0.056658832799101444
1.9166708333333335,	0.10424583333333332,	0.0018135211924972805,	1.2945013665555116E-5,	0.05360076857685564
1.9166708333333335,	0.125075,	0.0018423894787339412,	1.4068676088996313E-5,	0.05262955007981551
1.9166708333333335,	0.14590416666666667,	0.001984977955466871,	1.72875430652919E-5,	0.052610861357165806
1.9166708333333335,	0.16673333333333334,	0.0022418103537374945,	2.3708430219482324E-5,	0.05305521506713329
1.9166708333333335,	0.18756250000000002,	0.0026439110978037084,	3.595459803218404E-5,	0.05391391991369282
1.9166708333333335,	0.2083916666666667,	0.0032569123345738693,	5.975717487449739E-5,	0.055430320332833516
1.9166708333333335,	0.22922083333333337,	0.004192554644518731,	1.0752866579882836E-4,	0.058013116290016487
1.9166708333333335,	0.25005000000000005,	0.00562647618463108,	2.059300885012827E-4,	0.06213161416359958
1.9166708333333335,	0.2708791666666667,	0.007819127420002014,	4.107240406931445E-4,	0.06823893259758529
1.9166708333333335,	0.2917083333333334,	0.011130056498134921,	8.322724471739873E-4,	0.07672557005109948
1.9166708333333335,	0.3125375000000001,	0.016003114423001175,	0.0016684885782381476,	0.08789927023152816
1.9166708333333335,	0.33336666666666676,	0.022882962959371977,	0.0032185738460038804,	0.10196205400716851
1.9166708333333335,	0.35419583333333343,	0.03201922461960999,	0.005813122412208271,	0.11889393484963218
1.9166708333333335,	0.3750250000000001,	0.04316868030756743,	0.009609219706605998,	0.13811680323028908
1.9166708333333335,	0.3958541666666668,	0.055347553233772495,	0.014352520811540037,	0.15801742145691366
1.9166708333333335,	0.41668333333333346,	0.06691181871487012,	0.019338696894014462,	0.17598298006830299
1.9166708333333335,	0.43751250000000014,	0.0761303086769563,	0.02357434270406661,	0.18991165595387138
1.9166708333333335,	0.4583416666666668,	0.08204432852460469,	0.025860526639973458,	0.20116868424246903
1.9166708333333335,	0.4791708333333335,	0.08511936038228424,	0.024984829519029583,	0.21691613083027744
1.9166708333333335,	0.5000000000000001,	0.08726707418710428,	0.02087151201114157,	0.24841596350699735
2.0,	1.0E-4,	0.014887087692634138,	1.6447600329477785E-4,	0.22518468563031124
2.0,	0.020929166666666665,	0.008986044534975313,	8.81317475794341E-5,	0.16315481211978544
2.0,	0.04175833333333333,	0.0059906720156198134,	5.265508861379553E-5,	0.1256150067181716
2.0,	0.06258749999999999,	0.004501259184396367,	3.60166642588422E-5,	0.10483939948751819
2.0,	0.08341666666666665,	0.003780879760391098,	2.8338662970694983E-5,	0.09411427228042352
2.0,	0.10424583333333332,	0.003466981604234698,	2.5360554303410776E-5,	0.08887432275385904
2.0,	0.125075,	0.0033840002727693608,	2.5363091706587237E-5,	0.08630856365366779
2.0,	0.14590416666666667,	0.003450286433631211,	2.7901299955224168E-5,	0.08482674063565449
2.0,	0.16673333333333334,	0.003637403342842793,	3.3412089126105826E-5,	0.08368987503296182
2.0,	0.18756250000000002,	0.003953880052844028,	4.3336535432147993E-5,	0.08275005695917909
2.0,	0.2083916666666667,	0.004440436832943762,	6.0765020082620413E-5,	0.08223508748885128
2.0,	0.22922083333333337,	0.005172142105412558,	9.194783502558534E-5,	0.08256307636505528
2.0,	0.25005000000000005,	0.006266562700724787,	1.4949136413572317E-4,	0.0842013648352502
2.0,	0.2708791666666667,	0.00789713852464563,	2.5878036187859665E-4,	0.08758607524978873
2.0,	0.2917083333333334,	0.010307439123678042,	4.6976353496896994E-4,	0.09310192402937023
2.0,	0.3125375000000001,	0.013812568983325946,	8.746099737417246E-4,	0.10109580030627607
2.0,	0.33336666666666676,	0.018757850033099044,	0.001622427410645999,	0.11186340380450066
2.0,	0.35419583333333343,	0.025393198075747525,	0.0029016088036765697,	0.1255126197563508
2.0,	0.3750250000000001,	0.033651596781004545,	0.0048511114785348974,	0.14163046986848893
2.0,	0.3958541666666668,	0.0429300717892242,	0.0074187049764293245,	0.1589021504049733
2.0,	0.41668333333333346,	0.05209893156010498,	0.01027642855365618,	0.1752629909500324
2.0,	0.43751250000000014,	0.05991339206821855,	0.012858873409411054,	0.18927947846082321
2.0,	0.4583416666666668,	0.06569823258853807,	0.014453024157264016,	0.2025717722418715
2.0,	0.4791708333333335,	0.06989269639324897,	0.014396827101119947,	0.22157607185307843
2.0,	0.5000000000000001,	0.07408523134958678,	0.012642860431315461,	0.2562214571410122
